

A=[1 2 3 0; 0 4 5 6; 1 1 -1 0; 1 1 1 1];
b = [7 6 5 4]';
x = A \ b
R = b - A*x
